vesselCount = 27
UT = 159877684.28397354
gameMode = CAREER
gameNull = False
gameCompatible = True
funds = 18552018.988024678
science = 265
reputationPercent = 86
ongoingContracts = 4
missionCurrentScore = 0
missionIsStarted = False
missionIsEnded = False
missionHistoryId = 00000000-0000-0000-0000-000000000000
missionExpansionVersion = 
saveMD5 = 63781a6b8bdccd292902737346b3bfc2
