saveMD5 = 9acff6416546695cee0ed1c8db3ed0a0
vesselCount = 5
UT = 558357.86684739054
gameMode = CAREER
gameNull = False
gameCompatible = True
funds = 702896.81168112415
science = 127
reputationPercent = 23
ongoingContracts = 6
saveMD5 = 9acff6416546695cee0ed1c8db3ed0a0
