vesselCount = 25
UT = 180911861.3786943
gameMode = CAREER
gameNull = False
gameCompatible = True
funds = 19922726.543015447
science = 265
reputationPercent = 87
ongoingContracts = 4
missionCurrentScore = 0
missionIsStarted = False
missionIsEnded = False
missionHistoryId = 00000000-0000-0000-0000-000000000000
missionExpansionVersion = 
saveMD5 = 6756e5735fb1eb455a29e386723c31e9
