vesselCount = 25
UT = 180932162.66022572
gameMode = CAREER
gameNull = False
gameCompatible = True
funds = 19215075.089890447
science = 265
reputationPercent = 87
ongoingContracts = 4
missionCurrentScore = 0
missionIsStarted = False
missionIsEnded = False
missionHistoryId = 00000000-0000-0000-0000-000000000000
missionExpansionVersion = 
saveMD5 = 0bd522056ea1b9783d412e2e307791ec
