vesselCount = 27
UT = 180899484.99914801
gameMode = CAREER
gameNull = False
gameCompatible = True
funds = 20090323.138436284
science = 265
reputationPercent = 87
ongoingContracts = 4
missionCurrentScore = 0
missionIsStarted = False
missionIsEnded = False
missionHistoryId = 00000000-0000-0000-0000-000000000000
missionExpansionVersion = 
saveMD5 = 8955a0b938bf9bd961b3fef26a26fcf6
