vesselCount = 21
UT = 18373073.181061588
gameMode = CAREER
gameNull = False
gameCompatible = True
funds = 4352161.070295372
science = 2634
reputationPercent = 68
ongoingContracts = 3
missionCurrentScore = 0
missionIsStarted = False
missionIsEnded = False
missionHistoryId = 00000000-0000-0000-0000-000000000000
saveMD5 = 0a123afec7cc7006f31aafd4ffc523fe
