vesselCount = 20
UT = 18171394.762076885
gameMode = CAREER
gameNull = False
gameCompatible = True
funds = 4608646.554670372
science = 2634
reputationPercent = 68
ongoingContracts = 3
missionCurrentScore = 0
missionIsStarted = False
missionIsEnded = False
missionHistoryId = 00000000-0000-0000-0000-000000000000
saveMD5 = 0dd1ec945d92f6b9d78151642283539f
