vesselCount = 26
UT = 188376768.28415868
gameMode = CAREER
gameNull = False
gameCompatible = True
funds = 21887649.780629855
science = 305
reputationPercent = 87
ongoingContracts = 4
missionCurrentScore = 0
missionIsStarted = False
missionIsEnded = False
missionHistoryId = 00000000-0000-0000-0000-000000000000
missionExpansionVersion = 
saveMD5 = 8ad141c83dbde892c489d95b67e198e8
