vesselCount = 26
UT = 188297488.1679346
gameMode = CAREER
gameNull = False
gameCompatible = True
funds = 21887649.780629855
science = 305
reputationPercent = 87
ongoingContracts = 4
missionCurrentScore = 0
missionIsStarted = False
missionIsEnded = False
missionHistoryId = 00000000-0000-0000-0000-000000000000
missionExpansionVersion = 
saveMD5 = 49f4bbc399cc2c5fce314011c7236c2d
