vesselCount = 27
UT = 171889167.82865852
gameMode = CAREER
gameNull = False
gameCompatible = True
funds = 19642881.599373784
science = 265
reputationPercent = 87
ongoingContracts = 4
missionCurrentScore = 0
missionIsStarted = False
missionIsEnded = False
missionHistoryId = 00000000-0000-0000-0000-000000000000
missionExpansionVersion = 
saveMD5 = 17d14d581adabcf059efdbcbb545574e
