vesselCount = 20
UT = 38015296.811366022
gameMode = CAREER
gameNull = False
gameCompatible = True
funds = 3203114.3722297917
science = 0
reputationPercent = 71
ongoingContracts = 3
missionCurrentScore = 0
missionIsStarted = False
missionIsEnded = False
missionHistoryId = 00000000-0000-0000-0000-000000000000
saveMD5 = 10f5236475f53edc3075d2128201a0b7
