vesselCount = 33
UT = 136201020.35373154
gameMode = CAREER
gameNull = False
gameCompatible = True
funds = 12878552.882428914
science = 265
reputationPercent = 80
ongoingContracts = 6
missionCurrentScore = 0
missionIsStarted = False
missionIsEnded = False
missionHistoryId = 00000000-0000-0000-0000-000000000000
saveMD5 = 846437dc633d5534fee2465266503a68
