vesselCount = 24
UT = 76576819.692390189
gameMode = CAREER
gameNull = False
gameCompatible = True
funds = 5129066.0810850691
science = 1697
reputationPercent = 79
ongoingContracts = 5
missionCurrentScore = 0
missionIsStarted = False
missionIsEnded = False
missionHistoryId = 00000000-0000-0000-0000-000000000000
saveMD5 = 213a679e7cdbf5b4e301e6767df14e79
