vesselCount = 25
UT = 180933728.22106555
gameMode = CAREER
gameNull = False
gameCompatible = True
funds = 19215075.089890447
science = 265
reputationPercent = 87
ongoingContracts = 4
missionCurrentScore = 0
missionIsStarted = False
missionIsEnded = False
missionHistoryId = 00000000-0000-0000-0000-000000000000
missionExpansionVersion = 
saveMD5 = 3d98a112d1cb700b14589ba82cde7b20
