vesselCount = 21
UT = 18230570.632590648
gameMode = CAREER
gameNull = False
gameCompatible = True
funds = 4114303.742170372
science = 1496
reputationPercent = 68
ongoingContracts = 2
missionCurrentScore = 0
missionIsStarted = False
missionIsEnded = False
missionHistoryId = 00000000-0000-0000-0000-000000000000
saveMD5 = 89b2b22380dc6350746825a9b0d8081f
