vesselCount = 13
UT = 8519388.2402722258
gameMode = CAREER
gameNull = False
gameCompatible = True
funds = 1998547.85129265
science = 228
reputationPercent = 56
ongoingContracts = 0
missionCurrentScore = 0
missionIsStarted = False
missionIsEnded = False
missionHistoryId = 00000000-0000-0000-0000-000000000000
saveMD5 = 929bbbe14424e4519f9738f706cfeb9f
