vesselCount = 20
UT = 38015292.731365353
gameMode = CAREER
gameNull = False
gameCompatible = True
funds = 3203114.3722297917
science = 0
reputationPercent = 71
ongoingContracts = 3
missionCurrentScore = 0
missionIsStarted = False
missionIsEnded = False
missionHistoryId = 00000000-0000-0000-0000-000000000000
saveMD5 = 0e0c74b6598dd0f612f9a050189b79c7
