vesselCount = 20
UT = 37957495.495138861
gameMode = CAREER
gameNull = False
gameCompatible = True
funds = 3295336.6534797917
science = 0
reputationPercent = 71
ongoingContracts = 3
missionCurrentScore = 0
missionIsStarted = False
missionIsEnded = False
missionHistoryId = 00000000-0000-0000-0000-000000000000
saveMD5 = 2523e7d60286e5ec350cd0180c294961
