vesselCount = 27
UT = 111817400.38606302
gameMode = CAREER
gameNull = False
gameCompatible = True
funds = 6267630.8796670744
science = 265
reputationPercent = 78
ongoingContracts = 2
missionCurrentScore = 0
missionIsStarted = False
missionIsEnded = False
missionHistoryId = 00000000-0000-0000-0000-000000000000
saveMD5 = 7a1b2691db9f1f403a064fb5d3c9d3c8
