vesselCount = 20
UT = 16937854.679308243
gameMode = CAREER
gameNull = False
gameCompatible = True
funds = 4608646.554670372
science = 1640
reputationPercent = 68
ongoingContracts = 3
missionCurrentScore = 0
missionIsStarted = False
missionIsEnded = False
missionHistoryId = 00000000-0000-0000-0000-000000000000
saveMD5 = 2d950cb7fec440ca1676f797b16ad8c2
