vesselCount = 25
UT = 144161859.30392617
gameMode = CAREER
gameNull = False
gameCompatible = True
funds = 12380442.423583951
science = 265
reputationPercent = 82
ongoingContracts = 4
missionCurrentScore = 0
missionIsStarted = False
missionIsEnded = False
missionHistoryId = 00000000-0000-0000-0000-000000000000
saveMD5 = 2b53b888e439ab30382b240e107426a3
