vesselCount = 26
UT = 192466433.91780689
gameMode = CAREER
gameNull = False
gameCompatible = True
funds = 22117249.780629855
science = 807
reputationPercent = 87
ongoingContracts = 4
missionCurrentScore = 0
missionIsStarted = False
missionIsEnded = False
missionHistoryId = 00000000-0000-0000-0000-000000000000
missionExpansionVersion = 
saveMD5 = 9887cce3ded28427287744f108feb770
