vesselCount = 12
UT = 8393035.8345690332
gameMode = CAREER
gameNull = False
gameCompatible = True
funds = 2031051.8544657629
science = 223
reputationPercent = 55
ongoingContracts = 1
missionCurrentScore = 0
missionIsStarted = False
missionIsEnded = False
missionHistoryId = 00000000-0000-0000-0000-000000000000
saveMD5 = 312d19427b0454dbce54961dde35afe2
