vesselCount = 20
UT = 12510123.292183073
gameMode = CAREER
gameNull = False
gameCompatible = True
funds = 4158711.6430070042
science = 651
reputationPercent = 69
ongoingContracts = 2
missionCurrentScore = 0
missionIsStarted = False
missionIsEnded = False
missionHistoryId = 00000000-0000-0000-0000-000000000000
saveMD5 = 8ec6a597c59d7ed55c28df9ab8898cf1
