vesselCount = 26
UT = 192432779.19247797
gameMode = CAREER
gameNull = False
gameCompatible = True
funds = 21887649.780629855
science = 305
reputationPercent = 87
ongoingContracts = 4
missionCurrentScore = 0
missionIsStarted = False
missionIsEnded = False
missionHistoryId = 00000000-0000-0000-0000-000000000000
missionExpansionVersion = 
saveMD5 = 8e6ad354fc5f05cac93df18c109a4da8
