vesselCount = 24
UT = 150207619.28880194
gameMode = CAREER
gameNull = False
gameCompatible = True
funds = 13769565.472399678
science = 265
reputationPercent = 82
ongoingContracts = 5
missionCurrentScore = 0
missionIsStarted = False
missionIsEnded = False
missionHistoryId = 00000000-0000-0000-0000-000000000000
saveMD5 = 9e0652321d965270b712abbedd0534d1
