vesselCount = 19
UT = 37822996.349825516
gameMode = CAREER
gameNull = False
gameCompatible = True
funds = 4316873.3218495585
science = 53
reputationPercent = 71
ongoingContracts = 3
missionCurrentScore = 0
missionIsStarted = False
missionIsEnded = False
missionHistoryId = 00000000-0000-0000-0000-000000000000
saveMD5 = 5d66c38406bf5f24f12561b5b080005b
