vesselCount = 20
UT = 37908499.32534159
gameMode = CAREER
gameNull = False
gameCompatible = True
funds = 3434237.3722297917
science = 0
reputationPercent = 71
ongoingContracts = 3
missionCurrentScore = 0
missionIsStarted = False
missionIsEnded = False
missionHistoryId = 00000000-0000-0000-0000-000000000000
saveMD5 = 042e5bad5c4d6feb844968efac3bea7a
