vesselCount = 20
UT = 38015257.911359645
gameMode = CAREER
gameNull = False
gameCompatible = True
funds = 3203114.3722297917
science = 0
reputationPercent = 71
ongoingContracts = 3
missionCurrentScore = 0
missionIsStarted = False
missionIsEnded = False
missionHistoryId = 00000000-0000-0000-0000-000000000000
saveMD5 = 31da4fe627034865277dd8b4a0c79d00
