vesselCount = 19
UT = 12566702.589806423
gameMode = CAREER
gameNull = False
gameCompatible = True
funds = 4139756.6430070042
science = 147
reputationPercent = 68
ongoingContracts = 2
missionCurrentScore = 0
missionIsStarted = False
missionIsEnded = False
missionHistoryId = 00000000-0000-0000-0000-000000000000
saveMD5 = 8ce05e93989cccb8e2bc1e574191848f
