vesselCount = 27
UT = 111818142.98590811
gameMode = CAREER
gameNull = False
gameCompatible = True
funds = 6267630.8796670744
science = 265
reputationPercent = 78
ongoingContracts = 2
missionCurrentScore = 0
missionIsStarted = False
missionIsEnded = False
missionHistoryId = 00000000-0000-0000-0000-000000000000
saveMD5 = 4f698748ab91705374c22ae5222bdfcc
