vesselCount = 21
UT = 18230278.552597176
gameMode = CAREER
gameNull = False
gameCompatible = True
funds = 4114303.742170372
science = 2496
reputationPercent = 68
ongoingContracts = 2
missionCurrentScore = 0
missionIsStarted = False
missionIsEnded = False
missionHistoryId = 00000000-0000-0000-0000-000000000000
saveMD5 = 87cbb7ebd78b46a9f611856c97d3a7a6
