vesselCount = 25
UT = 180911862.75869504
gameMode = CAREER
gameNull = False
gameCompatible = True
funds = 19922726.543015447
science = 265
reputationPercent = 87
ongoingContracts = 4
missionCurrentScore = 0
missionIsStarted = False
missionIsEnded = False
missionHistoryId = 00000000-0000-0000-0000-000000000000
missionExpansionVersion = 
saveMD5 = 42e8b7ec162738ccce2edf5cab4cfe5d
