vesselCount = 27
UT = 187887401.88836673
gameMode = CAREER
gameNull = False
gameCompatible = True
funds = 20619956.484624356
science = 773
reputationPercent = 87
ongoingContracts = 5
missionCurrentScore = 0
missionIsStarted = False
missionIsEnded = False
missionHistoryId = 00000000-0000-0000-0000-000000000000
missionExpansionVersion = 
saveMD5 = 03a56d613f859604d1eb8c5427fadbbe
