vesselCount = 25
UT = 143939488.51465783
gameMode = CAREER
gameNull = False
gameCompatible = True
funds = 12482827.415771451
science = 265
reputationPercent = 82
ongoingContracts = 4
missionCurrentScore = 0
missionIsStarted = False
missionIsEnded = False
missionHistoryId = 00000000-0000-0000-0000-000000000000
saveMD5 = 71edca08463e34ba47e1f3ec218a7d4c
