vesselCount = 27
UT = 111816638.78622191
gameMode = CAREER
gameNull = False
gameCompatible = True
funds = 6219029.3965808582
science = 1766
reputationPercent = 78
ongoingContracts = 3
missionCurrentScore = 0
missionIsStarted = False
missionIsEnded = False
missionHistoryId = 00000000-0000-0000-0000-000000000000
saveMD5 = 76116476149b8eb0874cd360321c173f
