vesselCount = 25
UT = 146605175.73510915
gameMode = CAREER
gameNull = False
gameCompatible = True
funds = 12445002.423583951
science = 265
reputationPercent = 82
ongoingContracts = 4
missionCurrentScore = 0
missionIsStarted = False
missionIsEnded = False
missionHistoryId = 00000000-0000-0000-0000-000000000000
saveMD5 = 53078e93adc8da11ff2cc5e85efa8e49
