vesselCount = 26
UT = 76576404.402636051
gameMode = CAREER
gameNull = False
gameCompatible = True
funds = 5000064.6790941786
science = 1694
reputationPercent = 79
ongoingContracts = 6
missionCurrentScore = 0
missionIsStarted = False
missionIsEnded = False
missionHistoryId = 00000000-0000-0000-0000-000000000000
saveMD5 = 8db78607e7b2f0cd92ac9989fc75f51d
