vesselCount = 29
UT = 187787889.0315775
gameMode = CAREER
gameNull = False
gameCompatible = True
funds = 20556596.484624356
science = 770
reputationPercent = 87
ongoingContracts = 5
missionCurrentScore = 0
missionIsStarted = False
missionIsEnded = False
missionHistoryId = 00000000-0000-0000-0000-000000000000
missionExpansionVersion = 
saveMD5 = 5736835fe7ffd51570a871d3c2aa3c39
