vesselCount = 22
UT = 136252477.70416003
gameMode = CAREER
gameNull = False
gameCompatible = True
funds = 13023840.882428914
science = 265
reputationPercent = 81
ongoingContracts = 5
missionCurrentScore = 0
missionIsStarted = False
missionIsEnded = False
missionHistoryId = 00000000-0000-0000-0000-000000000000
saveMD5 = 29363cf5ced61c06a6ec3bc41a86e1ae
