vesselCount = 20
UT = 11179321.352230666
gameMode = CAREER
gameNull = False
gameCompatible = True
funds = 2957832.8630048586
science = 314
reputationPercent = 64
ongoingContracts = 4
missionCurrentScore = 0
missionIsStarted = False
missionIsEnded = False
missionHistoryId = 00000000-0000-0000-0000-000000000000
saveMD5 = 0808e2d3c4e17975c15652b20f297a28
