vesselCount = 21
UT = 12518774.882689184
gameMode = CAREER
gameNull = False
gameCompatible = True
funds = 4139756.6430070042
science = 651
reputationPercent = 69
ongoingContracts = 2
missionCurrentScore = 0
missionIsStarted = False
missionIsEnded = False
missionHistoryId = 00000000-0000-0000-0000-000000000000
saveMD5 = 9fc87bfe1f8818d3e84ee1dbaa77c28e
