vesselCount = 31
UT = 125804295.5264872
gameMode = CAREER
gameNull = False
gameCompatible = True
funds = 7092767.6168039152
science = 265
reputationPercent = 79
ongoingContracts = 6
missionCurrentScore = 0
missionIsStarted = False
missionIsEnded = False
missionHistoryId = 00000000-0000-0000-0000-000000000000
saveMD5 = 02470fc08ad433e8f8123155aa09cd58
