vesselCount = 21
UT = 11075556.947942574
gameMode = CAREER
gameNull = False
gameCompatible = True
funds = 2720569.588964792
science = 301
reputationPercent = 63
ongoingContracts = 3
missionCurrentScore = 0
missionIsStarted = False
missionIsEnded = False
missionHistoryId = 00000000-0000-0000-0000-000000000000
saveMD5 = 296d8aac4f51797245b38ba54064a91d
