vesselCount = 32
UT = 136020346.6730341
gameMode = CAREER
gameNull = False
gameCompatible = True
funds = 13000302.608991414
science = 265
reputationPercent = 80
ongoingContracts = 6
missionCurrentScore = 0
missionIsStarted = False
missionIsEnded = False
missionHistoryId = 00000000-0000-0000-0000-000000000000
saveMD5 = 085975752d934f495eea84611dabbdca
