vesselCount = 20
UT = 11716725.507025532
gameMode = CAREER
gameNull = False
gameCompatible = True
funds = 3361113.4519038498
science = 357
reputationPercent = 67
ongoingContracts = 5
missionCurrentScore = 0
missionIsStarted = False
missionIsEnded = False
missionHistoryId = 00000000-0000-0000-0000-000000000000
saveMD5 = 54d6a2281f9ca50c30d6d6916580b8bf
