vesselCount = 22
UT = 38103872.102135338
gameMode = CAREER
gameNull = False
gameCompatible = True
funds = 2187067.9034797917
science = 3
reputationPercent = 71
ongoingContracts = 3
missionCurrentScore = 0
missionIsStarted = False
missionIsEnded = False
missionHistoryId = 00000000-0000-0000-0000-000000000000
saveMD5 = 1d851c7f9bb01e53a0d82f914d4703cc
