vesselCount = 20
UT = 11075968.587933373
gameMode = CAREER
gameNull = False
gameCompatible = True
funds = 2903051.588964792
science = 314
reputationPercent = 64
ongoingContracts = 2
missionCurrentScore = 0
missionIsStarted = False
missionIsEnded = False
missionHistoryId = 00000000-0000-0000-0000-000000000000
saveMD5 = 6c50def33406f4e9f7590b315ee94256
