vesselCount = 21
UT = 38051798.904786333
gameMode = CAREER
gameNull = False
gameCompatible = True
funds = 2161067.6847297917
science = 0
reputationPercent = 71
ongoingContracts = 3
missionCurrentScore = 0
missionIsStarted = False
missionIsEnded = False
missionHistoryId = 00000000-0000-0000-0000-000000000000
saveMD5 = 1502d92b20b5cebb5c535d7e20ec6e39
