vesselCount = 25
UT = 150631436.25156012
gameMode = CAREER
gameNull = False
gameCompatible = True
funds = 13546820.941149678
science = 265
reputationPercent = 82
ongoingContracts = 5
missionCurrentScore = 0
missionIsStarted = False
missionIsEnded = False
missionHistoryId = 00000000-0000-0000-0000-000000000000
missionExpansionVersion = 
saveMD5 = 71162df397fb02faed824eb17cb966ff
