vesselCount = 21
UT = 18301528.120887902
gameMode = CAREER
gameNull = False
gameCompatible = True
funds = 3869200.343732872
science = 1946
reputationPercent = 68
ongoingContracts = 2
missionCurrentScore = 0
missionIsStarted = False
missionIsEnded = False
missionHistoryId = 00000000-0000-0000-0000-000000000000
saveMD5 = 529185c122d0eebbd26c6a743a3598c8
