vesselCount = 20
UT = 38015878.45146136
gameMode = CAREER
gameNull = False
gameCompatible = True
funds = 2358114.3722297917
science = 0
reputationPercent = 71
ongoingContracts = 3
missionCurrentScore = 0
missionIsStarted = False
missionIsEnded = False
missionHistoryId = 00000000-0000-0000-0000-000000000000
saveMD5 = 0e28ca27cf953249d93dbe19c06cc55f
