vesselCount = 18
UT = 11475785.76092905
gameMode = CAREER
gameNull = False
gameCompatible = True
funds = 3483648.7956538498
science = 357
reputationPercent = 67
ongoingContracts = 5
missionCurrentScore = 0
missionIsStarted = False
missionIsEnded = False
missionHistoryId = 00000000-0000-0000-0000-000000000000
saveMD5 = 274dc542778eec21effecd69a9d315e7
