vesselCount = 22
UT = 38126156.612543099
gameMode = CAREER
gameNull = False
gameCompatible = True
funds = 2779973.7243990595
science = 42
reputationPercent = 72
ongoingContracts = 2
missionCurrentScore = 0
missionIsStarted = False
missionIsEnded = False
missionHistoryId = 00000000-0000-0000-0000-000000000000
saveMD5 = 3a43c7d086f1f0b47411bd9a1e3f0468
