vesselCount = 24
UT = 143496416.5675945
gameMode = CAREER
gameNull = False
gameCompatible = True
funds = 12874520.415771451
science = 265
reputationPercent = 82
ongoingContracts = 4
missionCurrentScore = 0
missionIsStarted = False
missionIsEnded = False
missionHistoryId = 00000000-0000-0000-0000-000000000000
missionExpansionVersion = 
saveMD5 = 78bfa37c304d410511e3d1012049bcdd
