vesselCount = 24
UT = 147449545.67614272
gameMode = CAREER
gameNull = False
gameCompatible = True
funds = 13626566.884204831
science = 265
reputationPercent = 82
ongoingContracts = 4
missionCurrentScore = 0
missionIsStarted = False
missionIsEnded = False
missionHistoryId = 00000000-0000-0000-0000-000000000000
saveMD5 = 18d621757e5864e3f521a194ae01b1a6
