vesselCount = 29
UT = 122643894.74380076
gameMode = CAREER
gameNull = False
gameCompatible = True
funds = 6963880.6168039152
science = 265
reputationPercent = 78
ongoingContracts = 3
missionCurrentScore = 0
missionIsStarted = False
missionIsEnded = False
missionHistoryId = 00000000-0000-0000-0000-000000000000
saveMD5 = 74cac0feb04f2e066068ff2ecb9beb00
