vesselCount = 21
UT = 38054237.727048732
gameMode = CAREER
gameNull = False
gameCompatible = True
funds = 2266263.8409797917
science = 0
reputationPercent = 71
ongoingContracts = 3
missionCurrentScore = 0
missionIsStarted = False
missionIsEnded = False
missionHistoryId = 00000000-0000-0000-0000-000000000000
saveMD5 = 258e32e79bdfe73c2c93e2a3d3daebf8
