vesselCount = 26
UT = 76567676.638763875
gameMode = CAREER
gameNull = False
gameCompatible = True
funds = 5000064.6790941786
science = 1694
reputationPercent = 79
ongoingContracts = 6
missionCurrentScore = 0
missionIsStarted = False
missionIsEnded = False
missionHistoryId = 00000000-0000-0000-0000-000000000000
saveMD5 = 2e03ddcd44d09ac3a97320f6d7ed47d6
