vesselCount = 25
UT = 180919448.84120488
gameMode = CAREER
gameNull = False
gameCompatible = True
funds = 19791900.824265447
science = 265
reputationPercent = 87
ongoingContracts = 4
missionCurrentScore = 0
missionIsStarted = False
missionIsEnded = False
missionHistoryId = 00000000-0000-0000-0000-000000000000
missionExpansionVersion = 
saveMD5 = 90273f18d8e5c31385bfe7b820986eaf
