vesselCount = 33
UT = 136239492.85848665
gameMode = CAREER
gameNull = False
gameCompatible = True
funds = 12878552.882428914
science = 265
reputationPercent = 80
ongoingContracts = 6
missionCurrentScore = 0
missionIsStarted = False
missionIsEnded = False
missionHistoryId = 00000000-0000-0000-0000-000000000000
saveMD5 = 82d2428807710484d7f946be1b8f08bd
