vesselCount = 22
UT = 38103194.798547395
gameMode = CAREER
gameNull = False
gameCompatible = True
funds = 2149627.9034797917
science = 0
reputationPercent = 71
ongoingContracts = 3
missionCurrentScore = 0
missionIsStarted = False
missionIsEnded = False
missionHistoryId = 00000000-0000-0000-0000-000000000000
saveMD5 = 0edd45bbc92836c72ca0ab6bd5ba01e8
