vesselCount = 24
UT = 180894633.18468636
gameMode = CAREER
gameNull = False
gameCompatible = True
funds = 20330458.591561284
science = 265
reputationPercent = 87
ongoingContracts = 4
missionCurrentScore = 0
missionIsStarted = False
missionIsEnded = False
missionHistoryId = 00000000-0000-0000-0000-000000000000
missionExpansionVersion = 
saveMD5 = 0d4e3639b475a31f10bae1112d751bb7
