vesselCount = 19
UT = 11622355.707669644
gameMode = CAREER
gameNull = False
gameCompatible = True
funds = 3361113.4519038498
science = 357
reputationPercent = 67
ongoingContracts = 5
missionCurrentScore = 0
missionIsStarted = False
missionIsEnded = False
missionHistoryId = 00000000-0000-0000-0000-000000000000
saveMD5 = 294200d05b9df5f7dc47412bf38f49be
