vesselCount = 19
UT = 11030947.912318993
gameMode = CAREER
gameNull = False
gameCompatible = True
funds = 2796688.393652292
science = 301
reputationPercent = 63
ongoingContracts = 3
missionCurrentScore = 0
missionIsStarted = False
missionIsEnded = False
missionHistoryId = 00000000-0000-0000-0000-000000000000
saveMD5 = 3acbc63164538dcda084e725eccb7740
