vesselCount = 26
UT = 150765844.84716561
gameMode = CAREER
gameNull = False
gameCompatible = True
funds = 12680120.941149678
science = 265
reputationPercent = 82
ongoingContracts = 5
missionCurrentScore = 0
missionIsStarted = False
missionIsEnded = False
missionHistoryId = 00000000-0000-0000-0000-000000000000
missionExpansionVersion = 
saveMD5 = 46ac843e31a28e190595c2badd447202
