vesselCount = 30
UT = 181012342.98173994
gameMode = CAREER
gameNull = False
gameCompatible = True
funds = 20422836.484624356
science = 764
reputationPercent = 87
ongoingContracts = 5
missionCurrentScore = 0
missionIsStarted = False
missionIsEnded = False
missionHistoryId = 00000000-0000-0000-0000-000000000000
missionExpansionVersion = 
saveMD5 = 40be4c4743c57125a682341cb25a692c
