vesselCount = 20
UT = 18223018.356038827
gameMode = CAREER
gameNull = False
gameCompatible = True
funds = 4608646.554670372
science = 2634
reputationPercent = 68
ongoingContracts = 3
missionCurrentScore = 0
missionIsStarted = False
missionIsEnded = False
missionHistoryId = 00000000-0000-0000-0000-000000000000
saveMD5 = 9ef66ab3be898dcba5dcf7b77b2d5528
