vesselCount = 23
UT = 38103687.38210506
gameMode = CAREER
gameNull = False
gameCompatible = True
funds = 2149627.9034797917
science = 0
reputationPercent = 71
ongoingContracts = 3
missionCurrentScore = 0
missionIsStarted = False
missionIsEnded = False
missionHistoryId = 00000000-0000-0000-0000-000000000000
saveMD5 = 4164dd6ee0dafc91f9ac376779c7959c
